version https://git-lfs.github.com/spec/v1
oid sha256:3d34c0c5cdd79575e5ef53bda79c3dc6d4ce099836443da309a48a33f3f679db
size 6685
