version https://git-lfs.github.com/spec/v1
oid sha256:739614b4947a60c35152cef891d8d74e55ce8494e2c3d18bca9a301e81c8b2a6
size 193963
